0.0750,6.2712
0.0800,6.2245
0.0850,6.1321
0.0900,5.9964
0.0950,5.8205
0.1000,5.6084
0.1050,5.3647
0.1100,5.0943
0.1150,4.8025
0.1200,4.4944
0.1250,4.1749
0.1300,3.8487
0.1350,3.5200
0.1400,3.1924
0.1450,2.8690
0.1500,2.5525
0.1550,2.2449
0.1600,1.9478
0.1650,1.6624
0.1700,1.3897
0.1750,1.1302
0.1800,0.8842
0.1850,0.6520
0.1900,0.4337
0.1950,0.2291
0.2000,0.0382
0.2050,-0.1390
0.2100,-0.3029
0.2150,-0.4536
0.2200,-0.5914
0.2250,-0.7164
0.2300,-0.8289
0.2350,-0.9294
0.2400,-1.0179
0.2450,-1.0950
0.2500,-1.1610
0.2550,-1.2162
0.2600,-1.2613
0.2650,-1.2966
0.2700,-1.3228
0.2750,-1.3403
0.2800,-1.3497
0.2850,-1.3518
0.2900,-1.3471
0.2950,-1.3363
0.3000,-1.3202
0.3050,-1.2993
0.3100,-1.2745
0.3150,-1.2464
0.3200,-1.2158
0.3250,-1.1831
0.3300,-1.1492
0.3350,-1.1145
0.3400,-1.0796
0.3450,-1.0450
0.3500,-1.0111
0.3550,-0.9783
0.3600,-0.9469
0.3650,-0.9171
0.3700,-0.8892
0.3750,-0.8632
0.3800,-0.8392
0.3850,-0.8173
0.3900,-0.7975
0.3950,-0.7796
0.4000,-0.7636
0.4050,-0.7494
0.4100,-0.7368
0.4150,-0.7255
0.4200,-0.7156
0.4250,-0.7066
0.4300,-0.6986
0.4350,-0.6911
0.4400,-0.6841
0.4450,-0.6774
0.4500,-0.6707
0.4550,-0.6640
0.4600,-0.6570
0.4650,-0.6497
0.4700,-0.6419
0.4750,-0.6336
0.4800,-0.6246
0.4850,-0.6150
0.4900,-0.6048
0.4950,-0.5939
0.5000,-0.5825
0.5050,-0.5705
0.5100,-0.5581
0.5150,-0.5453
0.5200,-0.5323
0.5250,-0.5191
0.5300,-0.5059
0.5350,-0.4928
0.5400,-0.4800
0.5450,-0.4675
0.5500,-0.4554
0.5550,-0.4438
0.5600,-0.4328
0.5650,-0.4224
0.5700,-0.4128
0.5750,-0.4038
0.5800,-0.3956
0.5850,-0.3880
0.5900,-0.3812
0.5950,-0.3749
0.6000,-0.3693
0.6050,-0.3642
0.6100,-0.3596
0.6150,-0.3554
0.6200,-0.3515
0.6250,-0.3480
0.6300,-0.3447
0.6350,-0.3417
0.6400,-0.3388
0.6450,-0.3362
0.6500,-0.3337
0.6550,-0.3315
0.6600,-0.3294
0.6650,-0.3276
0.6700,-0.3261
0.6750,-0.3249
0.6800,-0.3241
0.6850,-0.3238
0.6900,-0.3238
0.6950,-0.3244
0.7000,-0.3255
0.7050,-0.3271
0.7100,-0.3292
0.7150,-0.3317
0.7200,-0.3348
0.7250,-0.3382
0.7300,-0.3420
0.7350,-0.3460
0.7400,-0.3501
0.7450,-0.3544
0.7500,-0.3585
0.7550,-0.3626
0.7600,-0.3664
0.7650,-0.3698
0.7700,-0.3729
0.7750,-0.3755
0.7800,-0.3775
0.7850,-0.3790
0.7900,-0.3800
0.7950,-0.3803
0.8000,-0.3801
0.8050,-0.3794
0.8100,-0.3782
0.8150,-0.3766
0.8200,-0.3745
0.8250,-0.3722
0.8300,-0.3696
0.8350,-0.3667
0.8400,-0.3638
0.8450,-0.3607
0.8500,-0.3575
0.8550,-0.3542
0.8600,-0.3510
0.8650,-0.3477
0.8700,-0.3444
0.8750,-0.3410
0.8800,-0.3376
0.8850,-0.3341
0.8900,-0.3305
0.8950,-0.3268
0.9000,-0.3230
0.9050,-0.3190
0.9100,-0.3148
0.9150,-0.3105
0.9200,-0.3060
0.9250,-0.3012
0.9300,-0.2963
0.9350,-0.2913
0.9400,-0.2860
0.9450,-0.2807
0.9500,-0.2753
0.9550,-0.2699
0.9600,-0.2645
0.9650,-0.2591
0.9700,-0.2537
0.9750,-0.2485
0.9800,-0.2434
0.9850,-0.2385
0.9900,-0.2338
0.9950,-0.2292
1.0000,-0.2249
1.0050,-0.2208
1.0100,-0.2169
1.0150,-0.2132
1.0200,-0.2097
1.0250,-0.2063
1.0300,-0.2031
1.0350,-0.2000
1.0400,-0.1971
1.0450,-0.1942
1.0500,-0.1915
1.0550,-0.1887
1.0600,-0.1860
1.0650,-0.1833
1.0700,-0.1806
1.0750,-0.1779
1.0800,-0.1751
1.0850,-0.1722
1.0900,-0.1692
1.0950,-0.1661
1.1000,-0.1628
1.1050,-0.1594
1.1100,-0.1558
1.1150,-0.1521
1.1200,-0.1481
1.1250,-0.1440
1.1300,-0.1397
1.1350,-0.1353
1.1400,-0.1308
1.1450,-0.1262
1.1500,-0.1216
1.1550,-0.1171
1.1600,-0.1126
1.1650,-0.1083
1.1700,-0.1041
1.1750,-0.1002
1.1800,-0.0965
1.1850,-0.0932
1.1900,-0.0902
1.1950,-0.0875
1.2000,-0.0852
1.2050,-0.0832
1.2100,-0.0815
1.2150,-0.0801
1.2200,-0.0790
1.2250,-0.0781
1.2300,-0.0773
1.2350,-0.0767
1.2400,-0.0762
1.2450,-0.0758
1.2500,-0.0753
1.2550,-0.0748
1.2600,-0.0742
1.2650,-0.0735
1.2700,-0.0727
1.2750,-0.0717
1.2800,-0.0706
1.2850,-0.0694
1.2900,-0.0680
1.2950,-0.0664
1.3000,-0.0647
1.3050,-0.0628
1.3100,-0.0608
1.3150,-0.0586
1.3200,-0.0563
1.3250,-0.0539
1.3300,-0.0514
1.3350,-0.0487
1.3400,-0.0460
1.3450,-0.0432
1.3500,-0.0404
1.3550,-0.0375
1.3600,-0.0346
1.3650,-0.0317
1.3700,-0.0289
1.3750,-0.0261
1.3800,-0.0234
1.3850,-0.0208
1.3900,-0.0183
1.3950,-0.0159
1.4000,-0.0138
1.4050,-0.0117
1.4100,-0.0099
1.4150,-0.0082
1.4200,-0.0067
1.4250,-0.0054
1.4300,-0.0043
1.4350,-0.0033
1.4400,-0.0025
1.4450,-0.0019
1.4500,-0.0013
1.4550,-0.0009
1.4600,-0.0006
1.4650,-0.0004
1.4700,-0.0002
1.4750,-0.0001
1.4800,-0.0001
1.4850,-0.0000
1.4900,-0.0000
1.4950,-0.0000
