0.0750,8.3295
0.0800,8.2917
0.0850,8.2170
0.0900,8.1069
0.0950,7.9638
0.1000,7.7906
0.1050,7.5907
0.1100,7.3678
0.1150,7.1259
0.1200,6.8688
0.1250,6.6006
0.1300,6.3249
0.1350,6.0450
0.1400,5.7641
0.1450,5.4849
0.1500,5.2095
0.1550,4.9400
0.1600,4.6779
0.1650,4.4242
0.1700,4.1799
0.1750,3.9456
0.1800,3.7215
0.1850,3.5080
0.1900,3.3050
0.1950,3.1123
0.2000,2.9297
0.2050,2.7570
0.2100,2.5937
0.2150,2.4394
0.2200,2.2938
0.2250,2.1562
0.2300,2.0264
0.2350,1.9037
0.2400,1.7878
0.2450,1.6782
0.2500,1.5745
0.2550,1.4763
0.2600,1.3833
0.2650,1.2951
0.2700,1.2116
0.2750,1.1324
0.2800,1.0574
0.2850,0.9865
0.2900,0.9196
0.2950,0.8565
0.3000,0.7973
0.3050,0.7419
0.3100,0.6902
0.3150,0.6424
0.3200,0.5982
0.3250,0.5579
0.3300,0.5212
0.3350,0.4882
0.3400,0.4587
0.3450,0.4327
0.3500,0.4100
0.3550,0.3904
0.3600,0.3737
0.3650,0.3597
0.3700,0.3481
0.3750,0.3387
0.3800,0.3312
0.3850,0.3252
0.3900,0.3204
0.3950,0.3166
0.4000,0.3133
0.4050,0.3104
0.4100,0.3075
0.4150,0.3045
0.4200,0.3010
0.4250,0.2968
0.4300,0.2918
0.4350,0.2859
0.4400,0.2790
0.4450,0.2709
0.4500,0.2616
0.4550,0.2511
0.4600,0.2394
0.4650,0.2266
0.4700,0.2126
0.4750,0.1976
0.4800,0.1816
0.4850,0.1647
0.4900,0.1471
0.4950,0.1288
0.5000,0.1100
0.5050,0.0908
0.5100,0.0713
0.5150,0.0518
0.5200,0.0323
0.5250,0.0130
0.5300,-0.0060
0.5350,-0.0245
0.5400,-0.0423
0.5450,-0.0594
0.5500,-0.0756
0.5550,-0.0908
0.5600,-0.1049
0.5650,-0.1179
0.5700,-0.1296
0.5750,-0.1401
0.5800,-0.1493
0.5850,-0.1571
0.5900,-0.1637
0.5950,-0.1690
0.6000,-0.1730
0.6050,-0.1759
0.6100,-0.1776
0.6150,-0.1783
0.6200,-0.1780
0.6250,-0.1769
0.6300,-0.1750
0.6350,-0.1725
0.6400,-0.1695
0.6450,-0.1660
0.6500,-0.1622
0.6550,-0.1582
0.6600,-0.1540
0.6650,-0.1499
0.6700,-0.1458
0.6750,-0.1419
0.6800,-0.1382
0.6850,-0.1348
0.6900,-0.1317
0.6950,-0.1290
0.7000,-0.1268
0.7050,-0.1249
0.7100,-0.1236
0.7150,-0.1227
0.7200,-0.1222
0.7250,-0.1222
0.7300,-0.1227
0.7350,-0.1236
0.7400,-0.1249
0.7450,-0.1266
0.7500,-0.1287
0.7550,-0.1310
0.7600,-0.1337
0.7650,-0.1365
0.7700,-0.1396
0.7750,-0.1428
0.7800,-0.1460
0.7850,-0.1493
0.7900,-0.1525
0.7950,-0.1556
0.8000,-0.1585
0.8050,-0.1611
0.8100,-0.1633
0.8150,-0.1652
0.8200,-0.1666
0.8250,-0.1674
0.8300,-0.1677
0.8350,-0.1673
0.8400,-0.1663
0.8450,-0.1646
0.8500,-0.1622
0.8550,-0.1592
0.8600,-0.1555
0.8650,-0.1513
0.8700,-0.1465
0.8750,-0.1413
0.8800,-0.1358
0.8850,-0.1299
0.8900,-0.1239
0.8950,-0.1179
0.9000,-0.1118
0.9050,-0.1060
0.9100,-0.1004
0.9150,-0.0951
0.9200,-0.0903
0.9250,-0.0859
0.9300,-0.0821
0.9350,-0.0789
0.9400,-0.0762
0.9450,-0.0742
0.9500,-0.0727
0.9550,-0.0717
0.9600,-0.0713
0.9650,-0.0712
0.9700,-0.0715
0.9750,-0.0722
0.9800,-0.0730
0.9850,-0.0740
0.9900,-0.0751
0.9950,-0.0761
1.0000,-0.0771
1.0050,-0.0779
1.0100,-0.0786
1.0150,-0.0789
1.0200,-0.0790
1.0250,-0.0787
1.0300,-0.0780
1.0350,-0.0769
1.0400,-0.0754
1.0450,-0.0735
1.0500,-0.0710
1.0550,-0.0682
1.0600,-0.0648
1.0650,-0.0611
1.0700,-0.0569
1.0750,-0.0523
1.0800,-0.0474
1.0850,-0.0421
1.0900,-0.0366
1.0950,-0.0307
1.1000,-0.0247
1.1050,-0.0185
1.1100,-0.0122
1.1150,-0.0058
1.1200,0.0005
1.1250,0.0069
1.1300,0.0131
1.1350,0.0191
1.1400,0.0249
1.1450,0.0304
1.1500,0.0356
1.1550,0.0404
1.1600,0.0448
1.1650,0.0487
1.1700,0.0521
1.1750,0.0549
1.1800,0.0572
1.1850,0.0589
1.1900,0.0599
1.1950,0.0604
1.2000,0.0603
1.2050,0.0595
1.2100,0.0583
1.2150,0.0565
1.2200,0.0542
1.2250,0.0515
1.2300,0.0483
1.2350,0.0449
1.2400,0.0412
1.2450,0.0374
1.2500,0.0334
1.2550,0.0293
1.2600,0.0252
1.2650,0.0212
1.2700,0.0172
1.2750,0.0135
1.2800,0.0099
1.2850,0.0065
1.2900,0.0035
1.2950,0.0007
1.3000,-0.0018
1.3050,-0.0040
1.3100,-0.0059
1.3150,-0.0074
1.3200,-0.0085
1.3250,-0.0094
1.3300,-0.0099
1.3350,-0.0102
1.3400,-0.0101
1.3450,-0.0098
1.3500,-0.0093
1.3550,-0.0085
1.3600,-0.0076
1.3650,-0.0065
1.3700,-0.0053
1.3750,-0.0040
1.3800,-0.0027
1.3850,-0.0013
1.3900,0.0000
1.3950,0.0013
1.4000,0.0025
1.4050,0.0035
1.4100,0.0045
1.4150,0.0054
1.4200,0.0061
1.4250,0.0066
1.4300,0.0070
1.4350,0.0073
1.4400,0.0074
1.4450,0.0075
1.4500,0.0074
1.4550,0.0072
1.4600,0.0070
1.4650,0.0067
1.4700,0.0064
1.4750,0.0061
1.4800,0.0058
1.4850,0.0055
1.4900,0.0053
1.4950,0.0052
