-0.0080,4.0000
-0.0160,4.5000
-0.0240,5.0000
-0.0320,5.5000
-0.0400,6.0000
-0.0480,6.5000
-0.0560,7.0000
-0.0640,7.5000
-0.0720,8.0000
-0.0800,8.5000
-0.0880,9.0000
-0.0960,9.5000
-0.1040,10.0000
-0.1120,10.5000
-0.1200,11.0000
-0.1280,11.5000
-0.1360,12.0000
-0.1440,12.5000
-0.1520,13.0000
-0.1600,13.5000
-0.1680,14.0000
-0.1760,14.5000
-0.1840,15.0000
-0.1920,15.5000
-0.2000,16.0000
-0.2080,16.5000
-0.2160,17.0000
-0.2240,17.5000
-0.2320,18.0000
-0.2400,18.5000
-0.2480,19.0000
-0.2560,19.5000
-0.2640,20.0000
-0.2720,20.5000
-0.2800,21.0000
-0.2880,21.5000
-0.2960,22.0000
-0.3040,22.5000
-0.3120,23.0000
-0.3200,23.5000
-0.3280,24.0000
-0.3360,24.5000
-0.3440,25.0000
-0.3520,25.5000
-0.3600,26.0000
-0.3680,26.5000
-0.3760,27.0000
-0.3840,27.5000
-0.3920,28.0000
-0.4000,28.5000
-0.4080,29.0000
-0.4160,29.5000
-0.4240,30.0000
-0.4320,30.5000
-0.4400,31.0000
-0.4480,31.5000
-0.4560,32.0000
-0.4640,32.5000
-0.4720,33.0000
-0.4800,33.5000
-0.4880,34.0000
-0.4960,34.5000
-0.5040,35.0000
-0.5120,35.5000
-0.5200,36.0000
-0.5280,36.5000
-0.5360,37.0000
-0.5440,37.5000
-0.5520,38.0000
-0.5600,38.5000
-0.5680,39.0000
-0.5760,39.5000
-0.5840,40.0000
-0.5920,40.5000
-0.6000,41.0000
-0.6080,41.5000
-0.6160,42.0000
-0.6240,42.5000
-0.6320,43.0000
-0.6400,43.5000
-0.6480,44.0000
-0.6560,44.5000
-0.6640,45.0000
-0.6720,45.5000
-0.6800,46.0000
-0.6880,46.5000
-0.6960,47.0000
-0.7040,47.5000
-0.7120,48.0000
-0.7200,48.5000
-0.7280,49.0000
-0.7360,49.5000
-0.7440,50.0000
-0.7520,50.5000
-0.7600,51.0000
-0.7680,51.5000
-0.7760,52.0000
-0.7840,52.5000
-0.7920,53.0000
-0.8000,53.5000
-0.8080,54.0000
-0.8160,54.5000
-0.8240,55.0000
-0.8320,55.5000
-0.8400,56.0000
-0.8480,56.5000
-0.8560,57.0000
-0.8640,57.5000
-0.8720,58.0000
-0.8800,58.5000
-0.8880,59.0000
-0.8960,59.5000
-0.9040,60.0000
0.2280,2.9729
0.2300,2.7278
0.2320,2.5029
0.2340,2.2947
0.2360,2.0997
0.2380,1.9152
0.2400,1.7386
0.2420,1.5684
0.2440,1.4033
0.2460,1.2428
0.2480,1.0870
0.2500,0.9364
0.2520,0.7920
0.2540,0.6548
0.2560,0.5259
0.2580,0.4061
0.2600,0.2960
0.2620,0.1959
0.2640,0.1057
0.2660,0.0248
0.2680,-0.0476
0.2700,-0.1124
0.2720,-0.1708
0.2740,-0.2241
0.2760,-0.2732
0.2780,-0.3193
0.2800,-0.3630
0.2820,-0.4051
0.2840,-0.4459
0.2860,-0.4855
0.2880,-0.5240
0.2900,-0.5612
0.2920,-0.5967
0.2940,-0.6303
0.2960,-0.6614
0.2980,-0.6898
0.3000,-0.7152
0.3020,-0.7375
0.3040,-0.7566
0.3060,-0.7726
0.3080,-0.7857
0.3100,-0.7962
0.3120,-0.8044
0.3140,-0.8108
0.3160,-0.8158
0.3180,-0.8198
0.3200,-0.8233
0.3220,-0.8266
0.3240,-0.8303
0.3260,-0.8346
0.3280,-0.8397
0.3300,-0.8455
0.3320,-0.8521
0.3340,-0.8589
0.3360,-0.8654
0.3380,-0.8711
0.3400,-0.8752
0.3420,-0.8769
0.3440,-0.8757
0.3460,-0.8712
0.3480,-0.8628
0.3500,-0.8507
0.3520,-0.8348
0.3540,-0.8154
0.3560,-0.7930
0.3580,-0.7681
0.3600,-0.7413
0.3620,-0.7134
0.3640,-0.6852
0.3660,-0.6574
0.3680,-0.6306
0.3700,-0.6054
0.3720,-0.5822
0.3740,-0.5610
0.3760,-0.5419
0.3780,-0.5245
0.3800,-0.5087
0.3820,-0.4940
0.3840,-0.4799
0.3860,-0.4661
0.3880,-0.4523
0.3900,-0.4382
0.3920,-0.4237
0.3940,-0.4087
0.3960,-0.3931
0.3980,-0.3768
0.4000,-0.3596
0.4020,-0.3413
0.4040,-0.3218
0.4060,-0.3008
0.4080,-0.2782
0.4100,-0.2540
0.4120,-0.2282
0.4140,-0.2009
0.4160,-0.1725
0.4180,-0.1433
0.4200,-0.1138
0.4220,-0.0845
0.4240,-0.0559
0.4260,-0.0285
0.4280,-0.0024
0.4300,0.0220
0.4320,0.0447
0.4340,0.0659
0.4360,0.0859
0.4380,0.1051
0.4400,0.1237
0.4420,0.1423
0.4440,0.1610
0.4460,0.1800
0.4480,0.1993
0.4500,0.2188
0.4520,0.2381
0.4540,0.2569
0.4560,0.2747
0.4580,0.2914
0.4600,0.3067
0.4620,0.3205
0.4640,0.3329
0.4660,0.3439
0.4680,0.3538
0.4700,0.3624
0.4720,0.3699
0.4740,0.3762
0.4760,0.3810
0.4780,0.3843
0.4800,0.3857
0.4820,0.3850
0.4840,0.3823
0.4860,0.3776
0.4880,0.3712
0.4900,0.3633
0.4920,0.3545
0.4940,0.3453
0.4960,0.3363
0.4980,0.3280
0.5000,0.3209
0.5020,0.3154
0.5040,0.3114
0.5060,0.3091
0.5080,0.3081
0.5100,0.3079
0.5120,0.3081
0.5140,0.3080
0.5160,0.3071
0.5180,0.3049
0.5200,0.3011
0.5220,0.2959
0.5240,0.2892
0.5260,0.2814
0.5280,0.2730
0.5300,0.2645
0.5320,0.2562
0.5340,0.2486
0.5360,0.2419
0.5380,0.2363
0.5400,0.2319
0.5420,0.2285
0.5440,0.2261
0.5460,0.2242
0.5480,0.2226
0.5500,0.2207
0.5520,0.2179
0.5540,0.2137
0.5560,0.2076
0.5580,0.1990
0.5600,0.1878
0.5620,0.1741
0.5640,0.1580
0.5660,0.1401
0.5680,0.1212
0.5700,0.1020
0.5720,0.0834
0.5740,0.0660
0.5760,0.0503
0.5780,0.0367
0.5800,0.0250
0.5820,0.0153
0.5840,0.0072
0.5860,0.0004
0.5880,-0.0055
0.5900,-0.0109
0.5920,-0.0161
0.5940,-0.0210
0.5960,-0.0258
0.5980,-0.0304
0.6000,-0.0347
0.6020,-0.0383
0.6040,-0.0411
0.6060,-0.0430
0.6080,-0.0439
0.6100,-0.0438
0.6120,-0.0428
0.6140,-0.0411
0.6160,-0.0390
0.6180,-0.0369
0.6200,-0.0351
0.6220,-0.0338
0.6240,-0.0334
0.6260,-0.0340
0.6280,-0.0358
0.6300,-0.0389
0.6320,-0.0431
0.6340,-0.0486
0.6360,-0.0551
0.6380,-0.0625
0.6400,-0.0706
0.6420,-0.0793
0.6440,-0.0881
0.6460,-0.0968
0.6480,-0.1049
0.6500,-0.1123
0.6520,-0.1185
0.6540,-0.1232
0.6560,-0.1262
0.6580,-0.1275
0.6600,-0.1270
0.6620,-0.1248
0.6640,-0.1210
0.6660,-0.1159
0.6680,-0.1097
0.6700,-0.1026
0.6720,-0.0948
0.6740,-0.0864
0.6760,-0.0776
0.6780,-0.0687
0.6800,-0.0596
0.6820,-0.0506
0.6840,-0.0418
0.6860,-0.0332
0.6880,-0.0248
0.6900,-0.0168
0.6920,-0.0089
0.6940,-0.0011
0.6960,0.0065
0.6980,0.0141
0.7000,0.0215
0.7020,0.0284
0.7040,0.0346
0.7060,0.0397
0.7080,0.0435
0.7100,0.0457
0.7120,0.0461
0.7140,0.0448
0.7160,0.0420
0.7180,0.0380
0.7200,0.0332
0.7220,0.0283
0.7240,0.0236
0.7260,0.0197
0.7280,0.0166
0.7300,0.0147
0.7320,0.0139
0.7340,0.0141
0.7360,0.0151
0.7380,0.0167
0.7400,0.0188
0.7420,0.0211
0.7440,0.0236
0.7460,0.0264
0.7480,0.0296
0.7500,0.0331
0.7520,0.0371
0.7540,0.0417
0.7560,0.0469
0.7580,0.0529
0.7600,0.0594
0.7620,0.0666
0.7640,0.0744
0.7660,0.0826
0.7680,0.0912
0.7700,0.1001
0.7720,0.1091
0.7740,0.1181
0.7760,0.1269
0.7780,0.1354
0.7800,0.1434
0.7820,0.1508
0.7840,0.1574
0.7860,0.1632
0.7880,0.1680
0.7900,0.1717
0.7920,0.1743
0.7940,0.1757
0.7960,0.1759
0.7980,0.1748
0.8000,0.1725
0.8020,0.1691
0.8040,0.1648
0.8060,0.1598
0.8080,0.1543
0.8100,0.1487
0.8120,0.1432
0.8140,0.1382
0.8160,0.1337
0.8180,0.1300
0.8200,0.1270
0.8220,0.1246
0.8240,0.1228
0.8260,0.1213
0.8280,0.1201
0.8300,0.1189
0.8320,0.1176
0.8340,0.1161
0.8360,0.1145
0.8380,0.1126
0.8400,0.1106
0.8420,0.1084
0.8440,0.1060
0.8460,0.1036
0.8480,0.1011
0.8500,0.0985
0.8520,0.0961
0.8540,0.0938
0.8560,0.0918
0.8580,0.0901
0.8600,0.0886
0.8620,0.0875
0.8640,0.0867
0.8660,0.0860
0.8680,0.0855
0.8700,0.0850
0.8720,0.0846
0.8740,0.0843
0.8760,0.0839
0.8780,0.0836
0.8800,0.0833
0.8820,0.0829
0.8840,0.0822
0.8860,0.0813
0.8880,0.0798
0.8900,0.0777
0.8920,0.0748
0.8940,0.0711
0.8960,0.0666
0.8980,0.0616
0.9000,0.0561
0.9020,0.0505
0.9040,0.0449
0.9060,0.0397
0.9080,0.0350
0.9100,0.0310
0.9120,0.0277
0.9140,0.0253
0.9160,0.0235
0.9180,0.0224
0.9200,0.0218
0.9220,0.0215
0.9240,0.0214
0.9260,0.0213
0.9280,0.0210
0.9300,0.0207
0.9320,0.0202
0.9340,0.0196
0.9360,0.0191
0.9380,0.0189
0.9400,0.0191
0.9420,0.0198
0.9440,0.0212
0.9460,0.0231
0.9480,0.0256
0.9500,0.0283
0.9520,0.0310
0.9540,0.0335
0.9560,0.0354
0.9580,0.0366
0.9600,0.0369
0.9620,0.0364
0.9640,0.0352
0.9660,0.0335
0.9680,0.0314
0.9700,0.0292
0.9720,0.0270
0.9740,0.0251
0.9760,0.0234
0.9780,0.0221
0.9800,0.0209
0.9820,0.0200
0.9840,0.0191
0.9860,0.0183
0.9880,0.0173
0.9900,0.0162
0.9920,0.0151
0.9940,0.0138
0.9960,0.0125
0.9980,0.0113
1.0000,0.0102
1.0020,0.0093
1.0040,0.0087
1.0060,0.0084
1.0080,0.0085
1.0100,0.0087
1.0120,0.0093
1.0140,0.0100
1.0160,0.0109
1.0180,0.0119
1.0200,0.0130
1.0220,0.0141
1.0240,0.0154
1.0260,0.0167
1.0280,0.0182
1.0300,0.0197
1.0320,0.0212
1.0340,0.0226
1.0360,0.0240
1.0380,0.0251
1.0400,0.0260
1.0420,0.0264
1.0440,0.0262
1.0460,0.0255
1.0480,0.0241
1.0500,0.0221
1.0520,0.0195
1.0540,0.0165
1.0560,0.0132
1.0580,0.0099
1.0600,0.0070
1.0620,0.0047
1.0640,0.0034
1.0660,0.0032
1.0680,0.0044
1.0700,0.0068
1.0720,0.0105
1.0740,0.0152
1.0760,0.0205
1.0780,0.0261
1.0800,0.0316
1.0820,0.0366
1.0840,0.0408
1.0860,0.0441
1.0880,0.0463
1.0900,0.0475
1.0920,0.0478
1.0940,0.0472
1.0960,0.0461
1.0980,0.0447
1.1000,0.0432
1.1020,0.0417
1.1040,0.0404
1.1060,0.0395
1.1080,0.0389
1.1100,0.0387
1.1120,0.0389
1.1140,0.0393
1.1160,0.0399
1.1180,0.0407
1.1200,0.0415
1.1220,0.0423
1.1240,0.0429
1.1260,0.0432
1.1280,0.0433
1.1300,0.0431
1.1320,0.0424
1.1340,0.0414
1.1360,0.0401
1.1380,0.0384
1.1400,0.0365
1.1420,0.0343
1.1440,0.0320
1.1460,0.0295
1.1480,0.0269
1.1500,0.0241
1.1520,0.0214
1.1540,0.0185
1.1560,0.0157
1.1580,0.0131
1.1600,0.0107
1.1620,0.0086
1.1640,0.0071
1.1660,0.0063
1.1680,0.0062
1.1700,0.0068
1.1720,0.0080
1.1740,0.0099
1.1760,0.0120
1.1780,0.0143
1.1800,0.0166
1.1820,0.0185
1.1840,0.0199
1.1860,0.0206
1.1880,0.0205
1.1900,0.0197
1.1920,0.0182
1.1940,0.0160
1.1960,0.0134
1.1980,0.0105
1.2000,0.0076
1.2020,0.0049
1.2040,0.0026
1.2060,0.0009
1.2080,0.0000
1.2100,0.0000
1.2120,0.0008
1.2140,0.0025
1.2160,0.0048
1.2180,0.0078
1.2200,0.0111
1.2220,0.0146
1.2240,0.0181
1.2260,0.0213
1.2280,0.0240
1.2300,0.0260
1.2320,0.0274
1.2340,0.0279
1.2360,0.0278
1.2380,0.0272
1.2400,0.0263
1.2420,0.0254
1.2440,0.0248
1.2460,0.0248
1.2480,0.0254
1.2500,0.0266
1.2520,0.0283
1.2540,0.0302
1.2560,0.0321
1.2580,0.0335
1.2600,0.0342
1.2620,0.0339
1.2640,0.0327
1.2660,0.0307
1.2680,0.0281
1.2700,0.0252
1.2720,0.0225
1.2740,0.0202
1.2760,0.0187
1.2780,0.0181
1.2800,0.0184
1.2820,0.0195
1.2840,0.0214
1.2860,0.0237
1.2880,0.0263
1.2900,0.0292
1.2920,0.0320
1.2940,0.0349
1.2960,0.0376
1.2980,0.0402
1.3000,0.0425
1.3020,0.0444
1.3040,0.0458
1.3060,0.0465
1.3080,0.0464
1.3100,0.0456
1.3120,0.0439
1.3140,0.0415
1.3160,0.0386
1.3180,0.0354
1.3200,0.0320
1.3220,0.0288
1.3240,0.0259
1.3260,0.0235
1.3280,0.0216
1.3300,0.0203
1.3320,0.0196
1.3340,0.0194
1.3360,0.0197
1.3380,0.0202
1.3400,0.0211
1.3420,0.0222
1.3440,0.0234
1.3460,0.0247
1.3480,0.0260
1.3500,0.0273
1.3520,0.0284
1.3540,0.0293
1.3560,0.0299
1.3580,0.0300
1.3600,0.0298
1.3620,0.0293
1.3640,0.0285
1.3660,0.0277
1.3680,0.0270
1.3700,0.0267
1.3720,0.0270
1.3740,0.0281
1.3760,0.0302
1.3780,0.0333
1.3800,0.0372
1.3820,0.0419
1.3840,0.0471
1.3860,0.0525
1.3880,0.0578
1.3900,0.0626
1.3920,0.0665
1.3940,0.0695
1.3960,0.0713
1.3980,0.0718
1.4000,0.0711
1.4020,0.0693
1.4040,0.0664
1.4060,0.0628
1.4080,0.0587
1.4100,0.0542
1.4120,0.0496
1.4140,0.0452
1.4160,0.0410
1.4180,0.0372
1.4200,0.0340
1.4220,0.0314
1.4240,0.0294
1.4260,0.0281
1.4280,0.0273
1.4300,0.0271
1.4320,0.0272
1.4340,0.0276
1.4360,0.0281
1.4380,0.0285
1.4400,0.0287
1.4420,0.0286
1.4440,0.0281
1.4460,0.0272
1.4480,0.0259
1.4500,0.0242
1.4520,0.0223
1.4540,0.0203
1.4560,0.0182
1.4580,0.0163
1.4600,0.0146
1.4620,0.0132
1.4640,0.0121
1.4660,0.0114
1.4680,0.0111
1.4700,0.0112
1.4720,0.0117
1.4740,0.0123
1.4760,0.0132
1.4780,0.0141
1.4800,0.0150
1.4820,0.0157
1.4840,0.0162
1.4860,0.0164
1.4880,0.0163
1.4900,0.0159
1.4920,0.0152
1.4940,0.0142
1.4960,0.0131
1.4980,0.0118
