0.1105,9.4840
0.1155,9.4134
0.1205,9.2744
0.1255,9.0718
0.1305,8.8121
0.1355,8.5031
0.1405,8.1534
0.1455,7.7718
0.1505,7.3671
0.1555,6.9470
0.1605,6.5186
0.1655,6.0878
0.1705,5.6594
0.1755,5.2369
0.1805,4.8232
0.1855,4.4202
0.1905,4.0290
0.1955,3.6507
0.2005,3.2855
0.2055,2.9339
0.2105,2.5958
0.2155,2.2714
0.2205,1.9607
0.2255,1.6637
0.2305,1.3805
0.2355,1.1110
0.2405,0.8553
0.2455,0.6135
0.2505,0.3856
0.2555,0.1715
0.2605,-0.0287
0.2655,-0.2150
0.2705,-0.3875
0.2755,-0.5462
0.2805,-0.6913
0.2855,-0.8229
0.2905,-0.9411
0.2955,-1.0462
0.3005,-1.1382
0.3055,-1.2175
0.3105,-1.2843
0.3155,-1.3389
0.3205,-1.3816
0.3255,-1.4129
0.3305,-1.4332
0.3355,-1.4429
0.3405,-1.4426
0.3455,-1.4329
0.3505,-1.4145
0.3555,-1.3880
0.3605,-1.3542
0.3655,-1.3140
0.3705,-1.2683
0.3755,-1.2178
0.3805,-1.1636
0.3855,-1.1064
0.3905,-1.0473
0.3955,-0.9871
0.4005,-0.9265
0.4055,-0.8663
0.4105,-0.8073
0.4155,-0.7501
0.4205,-0.6951
0.4255,-0.6429
0.4305,-0.5938
0.4355,-0.5482
0.4405,-0.5063
0.4455,-0.4682
0.4505,-0.4341
0.4555,-0.4039
0.4605,-0.3778
0.4655,-0.3555
0.4705,-0.3371
0.4755,-0.3224
0.4805,-0.3112
0.4855,-0.3032
0.4905,-0.2983
0.4955,-0.2962
0.5005,-0.2965
0.5055,-0.2989
0.5105,-0.3030
0.5155,-0.3085
0.5205,-0.3150
0.5255,-0.3220
0.5305,-0.3292
0.5355,-0.3362
0.5405,-0.3426
0.5455,-0.3481
0.5505,-0.3524
0.5555,-0.3553
0.5605,-0.3567
0.5655,-0.3563
0.5705,-0.3542
0.5755,-0.3505
0.5805,-0.3451
0.5855,-0.3384
0.5905,-0.3303
0.5955,-0.3213
0.6005,-0.3115
0.6055,-0.3013
0.6105,-0.2909
0.6155,-0.2806
0.6205,-0.2706
0.6255,-0.2611
0.6305,-0.2525
0.6355,-0.2447
0.6405,-0.2380
0.6455,-0.2322
0.6505,-0.2276
0.6555,-0.2239
0.6605,-0.2211
0.6655,-0.2191
0.6705,-0.2176
0.6755,-0.2165
0.6805,-0.2156
0.6855,-0.2147
0.6905,-0.2135
0.6955,-0.2119
0.7005,-0.2099
0.7055,-0.2071
0.7105,-0.2037
0.7155,-0.1996
0.7205,-0.1949
0.7255,-0.1895
0.7305,-0.1837
0.7355,-0.1775
0.7405,-0.1712
0.7455,-0.1648
0.7505,-0.1586
0.7555,-0.1526
0.7605,-0.1470
0.7655,-0.1419
0.7705,-0.1374
0.7755,-0.1334
0.7805,-0.1300
0.7855,-0.1273
0.7905,-0.1250
0.7955,-0.1233
0.8005,-0.1221
0.8055,-0.1213
0.8105,-0.1209
0.8155,-0.1208
0.8205,-0.1209
0.8255,-0.1213
0.8305,-0.1219
0.8355,-0.1225
0.8405,-0.1233
0.8455,-0.1240
0.8505,-0.1246
0.8555,-0.1251
0.8605,-0.1254
0.8655,-0.1253
0.8705,-0.1248
0.8755,-0.1239
0.8805,-0.1224
0.8855,-0.1202
0.8905,-0.1175
0.8955,-0.1141
0.9005,-0.1101
0.9055,-0.1056
0.9105,-0.1006
0.9155,-0.0953
0.9205,-0.0898
0.9255,-0.0842
0.9305,-0.0788
0.9355,-0.0736
0.9405,-0.0688
0.9455,-0.0647
0.9505,-0.0612
0.9555,-0.0585
0.9605,-0.0567
0.9655,-0.0558
0.9705,-0.0558
0.9755,-0.0567
0.9805,-0.0584
0.9855,-0.0608
0.9905,-0.0639
0.9955,-0.0675
1.0005,-0.0715
1.0055,-0.0758
1.0105,-0.0803
1.0155,-0.0848
1.0205,-0.0892
1.0255,-0.0934
1.0305,-0.0974
1.0355,-0.1009
1.0405,-0.1040
1.0455,-0.1065
1.0505,-0.1084
1.0555,-0.1097
1.0605,-0.1103
1.0655,-0.1102
1.0705,-0.1093
1.0755,-0.1078
1.0805,-0.1055
1.0855,-0.1026
1.0905,-0.0991
1.0955,-0.0950
1.1005,-0.0905
1.1055,-0.0856
1.1105,-0.0804
1.1155,-0.0751
1.1205,-0.0697
1.1255,-0.0643
1.1305,-0.0591
1.1355,-0.0542
1.1405,-0.0497
1.1455,-0.0456
1.1505,-0.0421
1.1555,-0.0392
1.1605,-0.0370
1.1655,-0.0356
1.1705,-0.0348
1.1755,-0.0348
1.1805,-0.0355
1.1855,-0.0369
1.1905,-0.0388
1.1955,-0.0413
1.2005,-0.0442
1.2055,-0.0473
1.2105,-0.0506
1.2155,-0.0539
1.2205,-0.0571
1.2255,-0.0600
1.2305,-0.0626
1.2355,-0.0646
1.2405,-0.0661
1.2455,-0.0670
1.2505,-0.0672
1.2555,-0.0667
1.2605,-0.0656
1.2655,-0.0639
1.2705,-0.0617
1.2755,-0.0590
1.2805,-0.0560
1.2855,-0.0526
1.2905,-0.0491
1.2955,-0.0455
1.3005,-0.0419
1.3055,-0.0383
1.3105,-0.0348
1.3155,-0.0315
1.3205,-0.0284
1.3255,-0.0254
1.3305,-0.0226
1.3355,-0.0201
1.3405,-0.0178
1.3455,-0.0156
1.3505,-0.0137
1.3555,-0.0119
1.3605,-0.0102
1.3655,-0.0087
1.3705,-0.0072
1.3755,-0.0059
1.3805,-0.0047
1.3855,-0.0036
1.3905,-0.0026
1.3955,-0.0017
1.4005,-0.0010
1.4055,-0.0004
1.4105,-0.0001
1.4155,0.0000
1.4205,-0.0001
1.4255,-0.0005
1.4305,-0.0011
1.4355,-0.0019
1.4405,-0.0028
1.4455,-0.0037
1.4505,-0.0047
1.4555,-0.0056
1.4605,-0.0064
1.4655,-0.0069
1.4705,-0.0072
