0.0855,8.8266
0.0905,8.7488
0.0955,8.5961
0.1005,8.3742
0.1055,8.0909
0.1105,7.7556
0.1155,7.3786
0.1205,6.9705
0.1255,6.5414
0.1305,6.1006
0.1355,5.6562
0.1405,5.2150
0.1455,4.7822
0.1505,4.3618
0.1555,3.9569
0.1605,3.5693
0.1655,3.2001
0.1705,2.8501
0.1755,2.5193
0.1805,2.2078
0.1855,1.9152
0.1905,1.6412
0.1955,1.3852
0.2005,1.1468
0.2055,0.9254
0.2105,0.7203
0.2155,0.5308
0.2205,0.3563
0.2255,0.1959
0.2305,0.0488
0.2355,-0.0859
0.2405,-0.2089
0.2455,-0.3212
0.2505,-0.4237
0.2555,-0.5171
0.2605,-0.6025
0.2655,-0.6804
0.2705,-0.7517
0.2755,-0.8170
0.2805,-0.8768
0.2855,-0.9315
0.2905,-0.9816
0.2955,-1.0272
0.3005,-1.0685
0.3055,-1.1056
0.3105,-1.1385
0.3155,-1.1672
0.3205,-1.1916
0.3255,-1.2117
0.3305,-1.2272
0.3355,-1.2382
0.3405,-1.2446
0.3455,-1.2464
0.3505,-1.2437
0.3555,-1.2365
0.3605,-1.2250
0.3655,-1.2095
0.3705,-1.1903
0.3755,-1.1676
0.3805,-1.1420
0.3855,-1.1136
0.3905,-1.0831
0.3955,-1.0509
0.4005,-1.0174
0.4055,-0.9830
0.4105,-0.9482
0.4155,-0.9133
0.4205,-0.8788
0.4255,-0.8449
0.4305,-0.8120
0.4355,-0.7803
0.4405,-0.7501
0.4455,-0.7214
0.4505,-0.6946
0.4555,-0.6696
0.4605,-0.6466
0.4655,-0.6256
0.4705,-0.6067
0.4755,-0.5898
0.4805,-0.5748
0.4855,-0.5617
0.4905,-0.5502
0.4955,-0.5404
0.5005,-0.5318
0.5055,-0.5244
0.5105,-0.5179
0.5155,-0.5120
0.5205,-0.5065
0.5255,-0.5012
0.5305,-0.4958
0.5355,-0.4904
0.5405,-0.4847
0.5455,-0.4788
0.5505,-0.4725
0.5555,-0.4659
0.5605,-0.4591
0.5655,-0.4521
0.5705,-0.4450
0.5755,-0.4380
0.5805,-0.4310
0.5855,-0.4242
0.5905,-0.4175
0.5955,-0.4109
0.6005,-0.4045
0.6055,-0.3981
0.6105,-0.3917
0.6155,-0.3852
0.6205,-0.3785
0.6255,-0.3716
0.6305,-0.3643
0.6355,-0.3567
0.6405,-0.3488
0.6455,-0.3406
0.6505,-0.3321
0.6555,-0.3235
0.6605,-0.3148
0.6655,-0.3062
0.6705,-0.2977
0.6755,-0.2894
0.6805,-0.2814
0.6855,-0.2737
0.6905,-0.2664
0.6955,-0.2594
0.7005,-0.2527
0.7055,-0.2463
0.7105,-0.2401
0.7155,-0.2339
0.7205,-0.2278
0.7255,-0.2215
0.7305,-0.2152
0.7355,-0.2086
0.7405,-0.2019
0.7455,-0.1949
0.7505,-0.1878
0.7555,-0.1805
0.7605,-0.1732
0.7655,-0.1659
0.7705,-0.1587
0.7755,-0.1518
0.7805,-0.1451
0.7855,-0.1388
0.7905,-0.1329
0.7955,-0.1275
0.8005,-0.1226
0.8055,-0.1181
0.8105,-0.1142
0.8155,-0.1107
0.8205,-0.1076
0.8255,-0.1048
0.8305,-0.1023
0.8355,-0.0999
0.8405,-0.0977
0.8455,-0.0955
0.8505,-0.0934
0.8555,-0.0912
0.8605,-0.0889
0.8655,-0.0867
0.8705,-0.0844
0.8755,-0.0822
0.8805,-0.0800
0.8855,-0.0780
0.8905,-0.0762
0.8955,-0.0746
0.9005,-0.0734
0.9055,-0.0726
0.9105,-0.0721
0.9155,-0.0721
0.9205,-0.0724
0.9255,-0.0731
0.9305,-0.0740
0.9355,-0.0752
0.9405,-0.0764
0.9455,-0.0775
0.9505,-0.0785
0.9555,-0.0793
0.9605,-0.0797
0.9655,-0.0797
0.9705,-0.0793
0.9755,-0.0783
0.9805,-0.0768
0.9855,-0.0748
0.9905,-0.0724
0.9955,-0.0697
1.0005,-0.0667
1.0055,-0.0635
1.0105,-0.0603
1.0155,-0.0572
1.0205,-0.0542
1.0255,-0.0515
1.0305,-0.0491
1.0355,-0.0470
1.0405,-0.0454
1.0455,-0.0442
1.0505,-0.0433
1.0555,-0.0428
1.0605,-0.0426
1.0655,-0.0426
1.0705,-0.0427
1.0755,-0.0430
1.0805,-0.0433
1.0855,-0.0436
1.0905,-0.0440
1.0955,-0.0443
1.1005,-0.0445
1.1055,-0.0448
1.1105,-0.0451
1.1155,-0.0454
1.1205,-0.0459
1.1255,-0.0464
1.1305,-0.0470
1.1355,-0.0477
1.1405,-0.0485
1.1455,-0.0493
1.1505,-0.0502
1.1555,-0.0510
1.1605,-0.0517
1.1655,-0.0522
1.1705,-0.0524
1.1755,-0.0524
1.1805,-0.0519
1.1855,-0.0512
1.1905,-0.0500
1.1955,-0.0485
1.2005,-0.0466
1.2055,-0.0445
1.2105,-0.0421
1.2155,-0.0396
1.2205,-0.0371
1.2255,-0.0345
1.2305,-0.0320
1.2355,-0.0297
1.2405,-0.0275
1.2455,-0.0256
1.2505,-0.0238
1.2555,-0.0222
1.2605,-0.0207
1.2655,-0.0194
1.2705,-0.0181
1.2755,-0.0169
1.2805,-0.0156
1.2855,-0.0143
1.2905,-0.0129
1.2955,-0.0114
1.3005,-0.0098
1.3055,-0.0081
1.3105,-0.0065
1.3155,-0.0049
1.3205,-0.0034
1.3255,-0.0021
1.3305,-0.0011
1.3355,-0.0004
1.3405,0.0000
1.3455,-0.0000
1.3505,-0.0004
1.3555,-0.0012
1.3605,-0.0023
1.3655,-0.0038
1.3705,-0.0054
1.3755,-0.0073
1.3805,-0.0091
1.3855,-0.0110
1.3905,-0.0128
1.3955,-0.0144
1.4005,-0.0158
1.4055,-0.0169
1.4105,-0.0177
1.4155,-0.0182
1.4205,-0.0185
1.4255,-0.0185
1.4305,-0.0183
1.4355,-0.0180
1.4405,-0.0175
1.4455,-0.0170
1.4505,-0.0165
1.4555,-0.0161
1.4605,-0.0157
1.4655,-0.0154
1.4705,-0.0153
